KindOfAlgorithm     population_size_init    LP   EVA_RAM    EVA_JAPDE   e1  e2  e3  e4  e5  e6  e7  e8  e9  e10 e11 e12 e13 e14 e15
STATIC  100 80  0.2 0.2 28.4331	11.3026	21.7918	24.883	18.5069 28.4331	11.3026	21.7918	24.883	18.5069 28.4331	11.3026	21.7918	24.883  18.5069	24.2813	47.5159	17.5592	17.7365	12.8108 28.4331	11.3026	21.7918	24.883	18.5069	24.2813	47.5159	17.5592	17.7365	12.8108	17.5723	21.4546	36.8418	35.3519	20.3099	28.5773	35.7114	14.3812	17.8877	22.4877	21.4611	19.0886	31.6633	15.2533	34.1031	16.3389	22.284	25.7668	10.1279	19.8697
staticrandom  100 30 0.05 0.05 19.1395	25.2523	5.29023	20.3987	15.3506	21.1047	22.9753	26.5067	14.3778	16.6494	15.3344	36.2082	21.3833	15.2939	16.5124	17.2215	23.1933	21.3933	22.14	10.4265	12.0265	24.7284	38.2446	9.45486	13.1295	25.2674	27.3586	10.1098	7.24173	13.6628	17.3722	22.1976	14.2709	30.3386	15.3101	26.4562	43.1665	35.1578	21.4406	15.3941	13.1717	23.3304	13.1845	27.6724	12.3491	14.5575	9.3355	17.5733	11.4014	15.0478
STATnorandom  100 80  0.05 0.2 4.45916	5.80129	8.977	17.3827	13.4342	30.2576	21.5822	23.6751	11.3048	21.1949	17.3099	24.7571	32.8737	17.2225	32.8499	16.8989	24.779	51.3141	24.189	19.6629	15.0976	18.3436	27.3242	17.3914	27.0713	15.5112	13.7253	17.3594	23.213	18.2988
staticR 100 30 0.05 0.05 15.4057	16.7333	46.244	34.7366	22.4202	5.22492	26.3066	14.4067	17.2071	26.1087	41.1419	24.7083	44.2129	25.7441	15.562	32.2598	25.1965	24.8864	23.6871	23.9413 33.1138	11.4924	30.7556	18.3467	42.3429	20.4358	7.62934	29.2799	24.4142	23.5353

staticRandom 100 30 0.05 0.05

21.959 perros 100 30 0.05 0.05 11.6242	13.2305	26.5574	15.8727	24.9707	12.3971	14.1712	26.1995	23.2598	37.1432	37.1675	34.8433	11.5574	14.2905	25.7167	10.4077	28.1911	18.2075	34.1963	43.3383	7.67783	25.705	5.45228	14.4151	15.3708	33.3163	14.7638	35.3551	21.0696	22.3004

20.27 perros2 100 30 0.05 0.05 9.39708	23.1521	25.3002	24.1484	23.2484	19.2604	10.4654	19.3837	24.7902	29.8288	12.6932	11.4598	19.263	12.5769	23.3379	13.7051	39.1181	44.0525	28.3034	13.3822	16.4099	20.1458	13.7212	24.221	19.1412	19.3325	17.2364	16.3365	14.4504	20.2656

24.06 perros3ads 100 30 0.05 0.05 27.187	32.0343	25.6361	38.8777	39.4105	17.7835	24.1635	26.581	28.2099	17.4333	12.4667	40.8521	35.5109	18.3356	14.566	24.2293	26.5867	28.3948	34.5434	20.1866	25.1598	10.6326	21.1683	20.3649	20.358	13.8996	18.2809	18.8413	27.0703	13.1523

21.334 perros4 100 30 0.05 0.05 28.703	18.1054	31.0995	13.2548	15.0952	29.1786	30.1826	13.2421	14.7121	26.1419	9.51623	13.3336	27.0361	21.2524	13.3716	24.1235	38.5888	10.2843	12.4018	28.3473	39.1053	24.2817	14.3778	29.3298	12.4295	27.1974	16.3309	11.2508	27.2868	20.7582